Mixture	B cells naive	B cells memory	Plasma cells	T cells CD8	T cells CD4 naive	T cells CD4 memory resting	T cells CD4 memory activated	T cells follicular helper	T cells regulatory (Tregs)	T cells gamma delta	NK cells resting	NK cells activated	Monocytes	Macrophages M0	Macrophages M1	Macrophages M2	Dendritic cells resting	Dendritic cells activated	Mast cells resting	Mast cells activated	Eosinophils	Neutrophils	P-value	Correlation	RMSE	Absolute score (sig.score)
Control	0	0	0.188853837883984	0	0.0352593354692758	0	0	0.00654129188416653	0	0.191827171790702	0	0	0	0.0926930083098969	0	0	0	0.00927947929324337	0	0.269320296549354	0.344396211214467	0.645593189302991	0.16	0.494677824054076	0.867512905100342	1.78376382169808
Control.1	0	0	0.158041157228559	0	0	0.0689777320055833	0	0	0	0.0045458732689238	0.246648695710604	0	0.14877372888066	0.238711254944107	0	0	0	0.165828243917042	0	0.254080355742021	0.0173425208857973	0.613981298937485	0.22	0.466749561253646	0.883568147839996	1.91693086152078
Control.2	0	0	0.0117054714186455	0.0811504087274374	0.0663094605661865	0	0.00280814545536238	0	0	0.218745366405515	0	0	0	0	0	0.0367115863443814	0	0	0	0.215176320548351	0.544442180613877	0.348441543039755	0.12	0.543365650759227	0.832851156901418	1.52549048311951
Control.3	0	0	0.232096960292698	0	0	0	0	0	0	0.214425741574681	0	0	0	0.229865438111072	0	0	0	0.22344234152733	0	0.272474978226559	0	0.521517199494708	0.42	0.310362993644526	0.964675495319941	1.69382265922705
Control.4	0	0	0.126320573781528	0	0	0.114914528871657	0	0	0	0	0.0983972341813696	0	0	0.0129436845694783	0	0	0	0.142184183116596	0	0.236793794923031	0.498097298549536	0.57731473447039	0.08	0.607895489535237	0.78818391417673	1.80696603246359
Control.5	0.0164681177305837	0	0.0292607681160337	0	0.0178379376271145	0.0780617641665822	0	0	0	0.0550493629364407	0.103530826153524	0	0.13240302748629	0	0.0318479538235957	0.144529701258847	0	0.069403866503565	0	0.262006046142821	0.142245225521556	0.206476976708517	0.52	0.24432550836166	0.975854715689997	1.28912157417547
Control.6	0	0	0.0548636504912393	0	0.0497808403035629	0.10540434915324	0	0	0	0.145711343449465	0.00767315104577926	0	0.106971002027735	0	0	0.156114271412798	0	0.0160924210504863	0	0.1085389484892	0.365950438530685	0.0895043300327838	0.35	0.375096650407467	0.921915104929083	1.20660474598698
Control.7	0.0435145348174654	0	0.016897463849764	0	0	0.148216559061919	0	0	0	0.160580591342143	0	0.000382760626725697	0.302619689586138	0.0753102645890989	0	0	0	0.154389827518988	0	0.240633790983934	0.154130296370503	0	0.54	0.229819699619299	0.978327876623442	1.29667577874668
Control.8	0	0	0.169492764385295	0.00489678302885211	0	0	0	0	0	0.285784664639689	0	0	0	0.123755669554235	0	0	0	0.262569385777814	0	0.261261115484033	0	0.513036127829749	0.28	0.422913989694188	0.899741918945559	1.62079651069967
Control.9	0	0	0.112884096474407	0	0	0	0	0	0	0.111363300613668	0	0.0486760489456231	0	0.191729019386288	0	0	0	0.149972695604546	0	0.272307859828014	0	0.460411537008064	0.25	0.446515972298638	0.894014836388354	1.34734455786061
Control.10	0	0	0.0578044484916776	0	0.0719624502885923	0.104633141441279	0	0	0	0.18874233145466	0.0533790281275663	0	0.248526246558333	0.0511189625210758	0.0676394594945294	0	0	0.171379740940894	0	0.274223721927342	0.157336540509286	0.0149459413668097	0.56	0.206774572297276	0.980022040968487	1.46169201312204
D0_Severe	0	0	0.482118062204067	0	0.0262462513953761	0	0	0.0105914528914736	0	0.122346827350251	0.189709722156381	0	0	0.165698323936305	0	0	0	0.532657671106287	0	0.350910122014122	0	1.14701614608744	0.42	0.311521384285484	0.95996978322215	3.02729457914171
D0_Severe.1	0	0	0.120078198774277	0	0	0	0	0	0	0.228677597447895	0	0	0	0.0828467277946189	0	0	0.131264922939964	0.357526119237426	0	0.0819833215384747	0	0.375913964979012	0.53	0.231933559813022	0.982203477969886	1.37829085271167
D0_Severe.2	0	0	0.0352372326252438	0	0	0	0	0	2.94063793636779e-05	0.123551639967782	0.0270433911322178	0	0	0.226782126298773	0	0	0	0.268233778565851	0	0.206916728496999	0	0.926543313961119	0.22	0.469118492890771	0.896230685578262	1.81433761742735
D0_Severe.3	0	0	0.256366324927615	0	0.0130088569551762	0.00574396355516608	0	0.00705743665209313	0	0.231257179816678	0.00453358948580212	0	0	0.198248323727273	0	0	0	0.158150934163227	0	0.263719408571459	0	1.01042216551463	0.22	0.468064634934744	0.887717110288503	2.14850818336912
D0_Severe.4	0	0	0.279392456952657	0	0.0273893248790596	0.0123611331440215	0	0.0122658612542955	0	0.16643918891001	0.13265627528625	0	0	0.0516586875697873	0	0	0	0.428659868070723	0	0.30713245052478	0	0.97702310898215	0.21	0.469802729584783	0.875695864474514	2.39497835557373
D0_Severe.5	0	0	0.28382575165234	0	0	0	0	0	0	0.137855587657922	0.0609662459489896	0	0	0.219937559512974	0	0	0	0.261076670824205	0	0.248211416246374	0	0.962582071591848	0.45	0.278415851242478	0.997328898169828	2.17445530343465
D0_Severe.6	0	0	0.312655458875117	0	0.0334310608834374	0.0170003059264084	0	0.0296118302467773	0.0126286731099275	0.125140208338162	0.227635624216118	0	0	0	0	0	0	0.400379017986211	0	0.376492308227131	0	1.17733810695531	0.26	0.432740546732922	0.897258917934294	2.7123125947646
D0_Severe.7	0	0.00898934672189512	0.108776182692707	0	0	0.116501305777657	0	0.0685892258730412	0	0.166156741826081	0.108806097198504	0	0	0.248829072045122	0	0	0	0.117273545642603	0	0.261249188657381	0	0.861560520397339	0.12	0.529404717865578	0.84490859560072	2.06673122683233
D0_Severe.8	0	0	0.172593435793092	0	0	0	0	0	0	0.209165633674035	0	0	0	0.10223642871525	0	0	0	0.253337140476247	0	0.127629803523564	0	0.606092145371171	0.41	0.326028453253233	0.958101606134003	1.47105458755336
D0_Severe.9	0	0	0.211496550449839	0	0	0	0	0	0	0.198592967189446	0.0443046257572921	0	0	0.198195688099339	0	0	0	0.211677420251373	0	0.20026752041002	0	0.795366000309591	0.24	0.448176637389129	0.89629927805016	1.8599007724669
D0_Severe.10	0	0	0.318912581231948	0	0.029759662198792	0.0241269234923202	0	0.0216163534001469	0	0.195512938392483	0.0764179706671413	0	0	0.313869876322723	0	0	0	0.234882837494546	0	0.329379415262252	0	1.09967624077112	0.13	0.528834525809952	0.84505264492688	2.64415479923347
D0_Severe.11	0	0	0.208006248450646	0	0	0	0	0	0	0.240059152091977	0	0	0	0.197068051911351	0	0	0	0.333356971524856	0	0.196636707115832	0	0.466387064731112	0.5	0.249489529539239	0.985779348283358	1.64151419582577
D0_moderately	0	0	0.260952853832233	0	0	0	0	0	0	0.244482302363979	0	0	0	0.123227564684824	0	0	0	0.337270303559143	0	0.164708394755205	0	0.792151705225897	0.17	0.492614188408488	0.863921725631413	1.92279312442128
D0_moderately.1	0	0	0.0873901640987108	0	0	0	0	0	0	0.280901850778718	0	0	0	0.171428999509102	0	0	0.045586760903848	0.383737455473037	0	0.13808241010282	0	0.479195655516328	0.36	0.348922414777519	0.936123272886695	1.58632329638257
D0_moderately.2	0	0	0.212499373290722	0	0	0	0	0	0	0.205073760500255	0	0	0	0.240533875308034	0	0	0	0.175962731437707	0	0.2350496922385	0	0.609830738929314	0.27	0.431174459367132	0.904603658479536	1.67895017170453
D0_moderately.3	0	0	0.279367999411415	0	0.0250585692728564	0.0297161963402308	0	0.0149762067897985	0	0.175934148424771	0.121662817798414	0	0	0.447752271136614	0	0	0	0.149657068114272	0	0.406155024878456	0	1.42995991749548	0.11	0.564947310685523	0.825971939985749	3.0802402196623
D0_moderately.4	0	0	0.195770837865922	0	0	0	0	0	0	0.226082493483908	0	0	0	0.249111099575215	0	0	0	0.153762182653168	0	0.24061621137408	0	0.732444328626052	0.21	0.470499272940281	0.884495398410406	1.79778715357834
D0_moderately.5	0	0	0.011338645239839	0	0	0	0	0	0	0.215047573801337	0.0148133531780987	0	0	0.250455468014484	0	0	0	0.308967401575785	0	0.278745479800291	0	0.944651061368173	0.47	0.264885304739072	1.01976087000258	2.02401898297801
D0_moderately.6	0	0	0.22203379856622	0	0	0	0	0	0	0.181554770751529	0.00775187702299651	0	0	0.26225157435763	0	0	0	0.284386406518588	0	0.266699488888536	0	0.518874413830406	0.31	0.413837847077743	0.908113806405861	1.74355232993591
D0_moderately.7	0.00164144860894013	0.01600456500933	0	0	0	0	0	0	0	0.268718572968352	0	0	0	0.198902978368937	0	0	0	0.338319991446842	0	0.123819880450004	0	0.542186707524758	0.41	0.331115109188734	0.959207398770689	1.48959414437716
D0_moderately.8	0	0	0.310998335570254	0	0.0131708556382636	0.00989772103923331	0	0.0219312927879302	0	0.271048592240503	0.0212195755079368	0	0	0.255596795092049	0	0	0	0.180269762725405	0	0.325124030687752	0	1.20370636411139	0.12	0.543739283687257	0.837481265628191	2.61296332540071
D0_moderately.9	0	0	0.223224614407344	0	0	0	0	0	0	0.175501657123957	0.0577178630214572	0	0	0.282244998993127	0	0	0	0.281063885757079	0	0.206625104533482	0	0.954758439955036	0.24	0.452110353812562	0.89637642261614	2.18113656379148
D0_moderately.10	0	0	0.251292942360063	0	0	0	0	0.00417192536079362	0	0.197569104265881	0.0615431217216334	0	0	0.222463698519273	0	0	0	0.224157081427049	0	0.2530955839702	0	1.28345510433028	0.12	0.539973414489985	0.843069071575722	2.49774856195517
D0_moderately.11	0	0	0.199385541270612	0	0	0	0	0	0	0.216971035568397	0	0	0	0.152799860700814	0	0	0	0.184286168563626	0	0.173762729776483	0	0.660866090329648	0.41	0.320636013506935	0.967771610712417	1.58807142620958
D0_moderately.12	0	0.138618581723967	0.163644365361081	0	0	0.395342197540978	0	0.183835666820095	0	0.294004942741288	0.227957432738071	0	0	0.468499129478769	0	0	0	0.29508340567967	0	0.33887879878122	0	1.66432554918787	0.17	0.493145513292697	0.863681659387423	4.17019007005301
D0_moderately.13	0	0	0.16523978739316	0	0	0.190135625520421	0	0.0156334241291393	0	0.225345989107675	0.355576698600353	0	0	0.510412675834126	0	0	0	0.249441097656573	0	0.418422102111909	0	1.76726091151495	0.13	0.525651046724539	0.852531027479064	3.89746831186831
D0_moderately.14	0	0	0.265860120141905	0	0	0	0	0	0	0.236607959601758	0.0279797896997735	0	0	0.275040731949182	0	0	0	0.247236234415296	0	0.249010416127588	0	0.822949131641035	0.23	0.457067039034089	0.889241256295205	2.12468438357654
D0_moderately.15	0	0	0.222926745793444	0	0	0	0	0	0	0.0655645485977716	0.152951914113267	0	0	0.228241102628664	0	0	0	0.374305701043884	0	0.396165573693574	0	0.988637149579254	0.34	0.385477408055246	0.928003118784227	2.42879273544986
D0_moderately.16	0	0	0.21141986588165	0	0	0	0	0.00169598464376871	0	0.157995475716021	0.122370757804125	0	0	0.285981506152122	0	0	0	0.180715004049223	0	0.248795920170443	0	0.898309901094615	0.18	0.481801016443096	0.879432935931001	2.10728441551197
D7_Severe	0	0	0.181507703236677	0	0	0	0	0	0	0.291957725741991	0	0	0	0.278723746229021	0	0	0	0.320856381031208	0	0.23427763770074	0	0.573671894041286	0.23	0.462880584487344	0.880211968558666	1.88099508798092
D7_Severe.1	0	0	0.343600154176604	0	0	0	0	0	0	0.296558502408082	0	0	0	0.419180150104848	0	0	0	0.283009599420783	0	0.370365251895916	0	0.870403501453752	0.35	0.35978254458495	0.946325939676141	2.58311715945999
D7_Severe.2	0	0	0.239333150362768	0	0	0	0	0	0	0.192300013308699	0.0213973698222231	0	0	0.306020884686626	0	0	0	0.285587766623106	0	0.218121814562445	0	0.742857699051486	0.35	0.379365968745217	0.93544060612865	2.00561869841735
D7_Severe.3	0	0	0.3282538814501	0	0.040329544482308	0.0310272163360009	0	0.0444195061050689	0	0.235663287152116	0.103970226025235	0	0	0.292625107370178	0	0	0	0.148016468830304	0	0.412855680357571	0	1.37708737332391	0.17	0.484424892437861	0.876140078418886	3.01424829143279
D7_Severe.4	0	0	0.270669209176315	0	0	0	0	0.00430366916182838	0	0.245101131697617	0.0196757140921595	0	0	0.340420437385528	0	0	0	0.228502313004858	0	0.279871449030935	0	0.959404595162853	0.16	0.495581970090527	0.868403475372347	2.34794851871209
D7_Severe.5	0.130448545611684	0	0.00131136889034985	0	0.0803514861842324	0.0626405581928917	0	0	0	0.147251787371475	0.0931899384258074	0	0.0810730106497589	0.00863503479498627	0.0191390448328171	0.0140350036766124	0	0.241496432552556	0	0.321905564166351	0.133163408369094	0.183623273714022	0.79	0.0522363907981026	1.0280343244166	1.51826445743264
D7_Severe.6	0	0	0.162703469645338	0	0	0	0	0	0	0.29016663311427	0	0	0.101587309053694	0.360906272936021	0	0	0	0.31851491384729	0	0.239975734459407	0	0.483154468010101	0.35	0.374304047218402	0.931627136875418	1.95700880106612
D7_Severe.7	0	0	0.246321827858962	0	0	0	0	0	0	0.224590704303619	0	0	0	0.132003223934127	0	0	0	0.162208175025496	0	0.319493934373614	0.0786375937625509	0.804648280230379	0.36	0.347500202727719	0.951308145058683	1.96790373948875
D7_Severe.8	0	0	0.3051527108129	0	0	0	0	0	0	0.218224163559393	0.0164343512890411	0	0	0.153361934239579	0	0	0	0.290392227272452	0	0.370472855249919	0	0.957415474234346	0.27	0.427503935349059	0.903645926654809	2.31145371665763
D7_moderately	0	0	0.195339782682383	0	0	0	0	0	0	0.179436978495584	0	0	0	0.25697708404695	0	0	0	0.156936641625454	0	0.214084727751807	0	0.588271312785144	0.33	0.399157200501043	0.927153773817065	1.59104652738732
D7_moderately.1	0	0	0.00229394774389736	0	0	0	0	0	0	0.295337289074771	0	0	0	0.179462722319794	0	0	0	0.416988530374471	0	0.293973192891633	0	0.953885058994226	0.34	0.386755821504614	0.933181330470575	2.14194074139879
D7_moderately.2	0	0	0.00394603555928429	0	0	0	0	0	0	0.218172191239297	0.0422205789760692	0	0	0.30311449541969	0	0	0	0.285147896572956	0	0.253023435161868	0	0.802896407710212	0.39	0.339346142314317	0.973130540882183	1.90852104063938
D7_moderately.3	0	0	0.256138766356437	0	0.036443408358304	0.0241582137491571	0	0.00466481564976178	0	0.113948802250483	0.220301141254019	0	0	0.345464405830478	0	0	0	0.126287868460915	0	0.386658925971928	0	1.26268951177937	0.1	0.584604813194363	0.812685472121189	2.77675585966085
D7_moderately.4	0	0	0.21728387713857	0	0	0	0	0	0	0.189444819980895	0.0344213288609101	0	0	0.225853707006943	0	0	0	0.12384296458108	0	0.275004801086232	0	0.976457983407619	0.11	0.57525133874049	0.818055293675851	2.04230948206225
D7_moderately.5	0	0	0.143152897117694	0	0	0	0	0	0	0.205220655807008	0	0	0	0.188942326083115	0	0	0	0.277123185643076	0	0.224192337343652	0	0.701941356907376	0.34	0.384094306742382	0.92966437395089	1.74057275890192
D7_moderately.6	0	0	0.0273758468339539	0.00107586349936129	0	0	0	0	0	0.255067668201638	0	0	0	0.223410492294474	0	0	0	0.196868073443919	0	0.222408096477936	0	0.678969530832633	0.35	0.359748739841545	0.956567093544642	1.60517557158391
D7_moderately.7	0	0	0.121726870027356	0	0	0.176798111197882	0	0.0977734571555837	0	0.130489555954415	0.261026032078302	0	0	0.351733219857865	0	0	0	0.180509190547833	0	0.427587810880215	0	1.56965578968123	0.11	0.568765755194685	0.821157389362875	3.31730003738068
D30_Severe	0	0	0.0550627966167032	0	0	0.0451762880319273	0	0	0	0	0.121243743189681	0	0.121931572592537	0	0.0294888483339022	0.13161921643931	0	0.0464040536732034	0	0.109225675755777	0.558392524335324	0.212942343965575	0.23	0.455470004429355	0.892257501854666	1.43148706293394
D30_Severe.1	0	0	0.0773391057995203	0	0	0.0792042859585184	0	0	0	0.140132979377569	0.124505989373171	0	0.182235280078695	0.0934148531829822	0	0	0	0.0425293790140536	0	0.212711336632375	0.266668869129233	0.352460437874433	0.17	0.484502689019948	0.871629392689561	1.57120251642055
D30_Severe.2	0	0	0.120436475561646	0.0148704954727516	0	0	0	0	0	0.20130681336593	0	0.023606514135149	0	0.0331744993500974	0	0	0	0.201261285125499	0	0.24112127288438	0.0188035070743288	0.438168303173109	0.17	0.487926356358366	0.866790531168358	1.29274916614289
D30_Severe.3	0	0	0.0491706318680411	0	0	0.0274671513661404	0	0.0194169038890698	0	0	0.200608439364583	0	0.181279284276319	0.0988285077991218	0.0172780202167567	0	0	0.0635494549200041	0	0.263121782262489	0.124357302246493	0.437711793991716	0.12	0.549781056008579	0.83566361424114	1.48278927220073
D30_Severe.4	0	0	0.0192639527625298	0	0	0	0	0	0	0.23612060610281	0	0.0145982630103313	0	0.108229620590927	0	0	0	0.150830557609487	0	0.335032352786258	0.36721906508906	0.428477541177603	0.27	0.427049975070332	0.902999765290141	1.65977195912901
D30_Severe.5	0	0	0.0137797131644502	0	0	0	0	0	0	0.244870026210544	0.000415688392453839	0	0	0.208812367922246	0	0	0	0.294621398397527	0	0.230956598022677	0	0.720972293690804	0.3	0.418600935431848	0.915746438046215	1.7144280858007
D30_Severe.6	0	0	0.0717669576444685	0	0.0511698946381856	0.0411895711397149	0	0	0	0.0962417648585698	0.140254540915684	0	0.0621802081408781	0.0403586530961789	0.105013204155428	0	0	0.19979853537341	0	0.252968404347446	0.182138610439476	0.0671761801076223	0.71	0.078179078726698	1.02730688901905	1.31025652485706
D30_moderately	0	0	0.044851267738685	0	0.0119682640495511	0.106039141682336	0	0	0	0.274360456191285	0.047325359534077	0	0.0650484837403632	0.107275396833184	0	0	0	0	0	0.228101726271898	0.211688294383622	0.445269704592164	0.26	0.432742842822178	0.900802485290542	1.54192809501716
D30_moderately.1	0	0	0.177465385547143	0	0	0.0616306754579934	0	0	0	0.101599598675638	0.114219996245553	0	0	0.170258671095178	0	0	0	0.0895366068863994	0	0.260005611244946	0.159541255380135	0.670580453984643	0.11	0.561898588642424	0.825168337133001	1.80483825451763
D30_moderately.2	0	0	0.069752825449569	0	0.023736451817246	0.107038103629376	0	0.0820062958025144	0	0	0.267287931168796	0	0.00868705983938981	0.20467428574786	0	0	0	0.258104333589413	0	0.281636463224317	0	0.408531237120146	0.41	0.331391584285645	0.941058675639624	1.71145498738863
D30_moderately.3	0	0	0.0271424354042648	0	0	0	0	0	0	0.124517834410827	0.0281007550252891	0	0	0.193223637299671	0	0	0	0.148840777785305	0	0.233929116113604	0	0.53310452053852	0.43	0.296588790963999	0.996181156585241	1.28885907657748
D30_moderately.4	0	0	0.203190263593405	0	0	0	0	0	0	0.152321048771123	0.187790365755317	0	0	0.173834003630711	0	0	0	0.143192027873957	0	0.218339329361117	0	1.00794974183982	0.2	0.47624963142885	0.886374212189585	2.08661678082545
D30_moderately.5	0	0	0.190262088903716	0.0258105088567349	0.00375285790729252	0	0	0	0	0.183441248470282	0	0	0	0.0415645602422691	0	0	0	0	0	0.260055698730253	0.212888335445766	0.443165939871285	0.35	0.36842060087016	0.936705710936627	1.3609412384276
D30_moderately.6	0	0	0.108483455698036	0	0	0	0	0	0	0	0.107860994763513	0.0140332238810245	0	0.07331243230206	0	0	0	0.26712888647657	0	0.263765282152291	0.162627521742069	0.516837995145712	0.19	0.477177904062613	0.871018747456937	1.51404979216128
D30_moderately.7	0	0	0.197242422228676	0	0.00471175796117258	0	0	0	0	0.0815617552292848	0.025552804156092	0.0132286590944089	0	0.016090460645872	0	0	0	0.0216098381405297	0	0.294368037704667	0.307164270743786	0.371673073139003	0.21	0.471544596986042	0.878261162939118	1.33320307904349
